(kicad_pcb (version 20171130) (host pcbnew "(5.0.1)-3")

  (general
    (thickness 1.6)
    (drawings 0)
    (tracks 0)
    (zones 0)
    (modules 11)
    (nets 97)
  )

  (page A4)
  (layers
    (0 F.Cu signal)
    (31 B.Cu signal)
    (32 B.Adhes user hide)
    (33 F.Adhes user hide)
    (34 B.Paste user hide)
    (35 F.Paste user hide)
    (36 B.SilkS user hide)
    (37 F.SilkS user hide)
    (38 B.Mask user hide)
    (39 F.Mask user hide)
    (40 Dwgs.User user hide)
    (41 Cmts.User user hide)
    (42 Eco1.User user hide)
    (43 Eco2.User user hide)
    (44 Edge.Cuts user hide)
    (45 Margin user hide)
    (46 B.CrtYd user)
    (47 F.CrtYd user)
    (48 B.Fab user hide)
    (49 F.Fab user hide)
  )

  (setup
    (last_trace_width 0.25)
    (trace_clearance 0.2)
    (zone_clearance 0.508)
    (zone_45_only no)
    (trace_min 0.2)
    (segment_width 0.2)
    (edge_width 0.15)
    (via_size 0.8)
    (via_drill 0.4)
    (via_min_size 0.4)
    (via_min_drill 0.3)
    (uvia_size 0.3)
    (uvia_drill 0.1)
    (uvias_allowed no)
    (uvia_min_size 0.2)
    (uvia_min_drill 0.1)
    (pcb_text_width 0.3)
    (pcb_text_size 1.5 1.5)
    (mod_edge_width 0.15)
    (mod_text_size 1 1)
    (mod_text_width 0.15)
    (pad_size 1.524 1.524)
    (pad_drill 0.762)
    (pad_to_mask_clearance 0.051)
    (solder_mask_min_width 0.25)
    (aux_axis_origin 0 0)
    (visible_elements FFFFFF7F)
    (pcbplotparams
      (layerselection 0x010fc_ffffffff)
      (usegerberextensions false)
      (usegerberattributes false)
      (usegerberadvancedattributes false)
      (creategerberjobfile false)
      (excludeedgelayer true)
      (linewidth 0.100000)
      (plotframeref false)
      (viasonmask false)
      (mode 1)
      (useauxorigin false)
      (hpglpennumber 1)
      (hpglpenspeed 20)
      (hpglpendiameter 15.000000)
      (psnegative false)
      (psa4output false)
      (plotreference true)
      (plotvalue true)
      (plotinvisibletext false)
      (padsonsilk false)
      (subtractmaskfromsilk false)
      (outputformat 1)
      (mirror false)
      (drillshape 1)
      (scaleselection 1)
      (outputdirectory ""))
  )

  (net 0 "")
  (net 1 "Net-(C1-Pad1)")
  (net 2 "Net-(J1-PadR)")
  (net 3 "Net-(J1-PadT)")
  (net 4 "Net-(C2-Pad1)")
  (net 5 GNDA)
  (net 6 "Net-(U2-Pad1)")
  (net 7 "Net-(U2-Pad2)")
  (net 8 "Net-(U2-Pad3)")
  (net 9 "Net-(U2-Pad4)")
  (net 10 "Net-(U2-Pad5)")
  (net 11 "Net-(U2-Pad6)")
  (net 12 "Net-(U2-Pad7)")
  (net 13 "Net-(U2-Pad8)")
  (net 14 "Net-(U2-Pad9)")
  (net 15 "Net-(U2-Pad10)")
  (net 16 "Net-(U2-Pad11)")
  (net 17 "Net-(U2-Pad12)")
  (net 18 "Net-(U2-Pad13)")
  (net 19 "Net-(U2-Pad14)")
  (net 20 "Net-(U2-Pad16)")
  (net 21 "Net-(U2-Pad17)")
  (net 22 "Net-(U2-Pad18)")
  (net 23 "Net-(U2-Pad21)")
  (net 24 "Net-(U2-Pad22)")
  (net 25 "Net-(U2-Pad23)")
  (net 26 "Net-(U2-Pad24)")
  (net 27 "Net-(U2-Pad25)")
  (net 28 "Net-(U2-Pad26)")
  (net 29 "Net-(U2-Pad27)")
  (net 30 GND)
  (net 31 "Net-(U1-Pad1)")
  (net 32 "Net-(U1-Pad2)")
  (net 33 "Net-(U1-Pad3)")
  (net 34 "Net-(U1-Pad4)")
  (net 35 "Net-(U1-Pad5)")
  (net 36 "Net-(U1-Pad6)")
  (net 37 "Net-(U1-Pad7)")
  (net 38 "Net-(U1-Pad8)")
  (net 39 "Net-(U1-Pad9)")
  (net 40 "Net-(U1-Pad10)")
  (net 41 "Net-(U1-Pad11)")
  (net 42 "Net-(U1-Pad12)")
  (net 43 "Net-(U1-Pad13)")
  (net 44 "Net-(U1-Pad14)")
  (net 45 "Net-(U1-Pad15)")
  (net 46 "Net-(U1-Pad16)")
  (net 47 "Net-(U1-Pad17)")
  (net 48 "Net-(U1-Pad18)")
  (net 49 "Net-(U1-Pad19)")
  (net 50 "Net-(U1-Pad20)")
  (net 51 "Net-(U1-Pad21)")
  (net 52 "Net-(U1-Pad22)")
  (net 53 "Net-(U1-Pad23)")
  (net 54 "Net-(U1-Pad24)")
  (net 55 "Net-(U1-Pad25)")
  (net 56 "Net-(U1-Pad26)")
  (net 57 "Net-(U1-Pad27)")
  (net 58 "Net-(U1-Pad28)")
  (net 59 "Net-(U1-Pad29)")
  (net 60 "Net-(U1-Pad30)")
  (net 61 "Net-(U1-Pad31)")
  (net 62 "Net-(U1-Pad32)")
  (net 63 "Net-(U1-Pad33)")
  (net 64 "Net-(U1-Pad34)")
  (net 65 "Net-(U1-Pad35)")
  (net 66 "Net-(U1-Pad36)")
  (net 67 "Net-(U1-Pad37)")
  (net 68 "Net-(U1-Pad38)")
  (net 69 "Net-(U1-Pad39)")
  (net 70 "Net-(U1-Pad40)")
  (net 71 "Net-(U1-Pad41)")
  (net 72 "Net-(U1-Pad42)")
  (net 73 "Net-(U1-Pad43)")
  (net 74 "Net-(U1-Pad44)")
  (net 75 "Net-(U1-Pad45)")
  (net 76 "Net-(U1-Pad46)")
  (net 77 "Net-(U1-Pad47)")
  (net 78 "Net-(U1-Pad48)")
  (net 79 "Net-(U1-Pad49)")
  (net 80 "Net-(U1-Pad50)")
  (net 81 "Net-(U1-Pad51)")
  (net 82 "Net-(U1-Pad52)")
  (net 83 "Net-(U1-Pad53)")
  (net 84 "Net-(U1-Pad54)")
  (net 85 "Net-(U1-Pad55)")
  (net 86 "Net-(U1-Pad56)")
  (net 87 "Net-(U1-Pad57)")
  (net 88 "Net-(U1-Pad58)")
  (net 89 "Net-(U1-Pad59)")
  (net 90 "Net-(U1-Pad60)")
  (net 91 "Net-(U1-Pad61)")
  (net 92 "Net-(U1-Pad62)")
  (net 93 "Net-(U1-Pad63)")
  (net 94 "Net-(U1-Pad64)")
  (net 95 RLINEIN)
  (net 96 LLINEIN)

  (net_class Default "This is the default net class."
    (clearance 0.2)
    (trace_width 0.25)
    (via_dia 0.8)
    (via_drill 0.4)
    (uvia_dia 0.3)
    (uvia_drill 0.1)
    (add_net GND)
    (add_net GNDA)
    (add_net LLINEIN)
    (add_net "Net-(C1-Pad1)")
    (add_net "Net-(C2-Pad1)")
    (add_net "Net-(J1-PadR)")
    (add_net "Net-(J1-PadT)")
    (add_net "Net-(U1-Pad1)")
    (add_net "Net-(U1-Pad10)")
    (add_net "Net-(U1-Pad11)")
    (add_net "Net-(U1-Pad12)")
    (add_net "Net-(U1-Pad13)")
    (add_net "Net-(U1-Pad14)")
    (add_net "Net-(U1-Pad15)")
    (add_net "Net-(U1-Pad16)")
    (add_net "Net-(U1-Pad17)")
    (add_net "Net-(U1-Pad18)")
    (add_net "Net-(U1-Pad19)")
    (add_net "Net-(U1-Pad2)")
    (add_net "Net-(U1-Pad20)")
    (add_net "Net-(U1-Pad21)")
    (add_net "Net-(U1-Pad22)")
    (add_net "Net-(U1-Pad23)")
    (add_net "Net-(U1-Pad24)")
    (add_net "Net-(U1-Pad25)")
    (add_net "Net-(U1-Pad26)")
    (add_net "Net-(U1-Pad27)")
    (add_net "Net-(U1-Pad28)")
    (add_net "Net-(U1-Pad29)")
    (add_net "Net-(U1-Pad3)")
    (add_net "Net-(U1-Pad30)")
    (add_net "Net-(U1-Pad31)")
    (add_net "Net-(U1-Pad32)")
    (add_net "Net-(U1-Pad33)")
    (add_net "Net-(U1-Pad34)")
    (add_net "Net-(U1-Pad35)")
    (add_net "Net-(U1-Pad36)")
    (add_net "Net-(U1-Pad37)")
    (add_net "Net-(U1-Pad38)")
    (add_net "Net-(U1-Pad39)")
    (add_net "Net-(U1-Pad4)")
    (add_net "Net-(U1-Pad40)")
    (add_net "Net-(U1-Pad41)")
    (add_net "Net-(U1-Pad42)")
    (add_net "Net-(U1-Pad43)")
    (add_net "Net-(U1-Pad44)")
    (add_net "Net-(U1-Pad45)")
    (add_net "Net-(U1-Pad46)")
    (add_net "Net-(U1-Pad47)")
    (add_net "Net-(U1-Pad48)")
    (add_net "Net-(U1-Pad49)")
    (add_net "Net-(U1-Pad5)")
    (add_net "Net-(U1-Pad50)")
    (add_net "Net-(U1-Pad51)")
    (add_net "Net-(U1-Pad52)")
    (add_net "Net-(U1-Pad53)")
    (add_net "Net-(U1-Pad54)")
    (add_net "Net-(U1-Pad55)")
    (add_net "Net-(U1-Pad56)")
    (add_net "Net-(U1-Pad57)")
    (add_net "Net-(U1-Pad58)")
    (add_net "Net-(U1-Pad59)")
    (add_net "Net-(U1-Pad6)")
    (add_net "Net-(U1-Pad60)")
    (add_net "Net-(U1-Pad61)")
    (add_net "Net-(U1-Pad62)")
    (add_net "Net-(U1-Pad63)")
    (add_net "Net-(U1-Pad64)")
    (add_net "Net-(U1-Pad7)")
    (add_net "Net-(U1-Pad8)")
    (add_net "Net-(U1-Pad9)")
    (add_net "Net-(U2-Pad1)")
    (add_net "Net-(U2-Pad10)")
    (add_net "Net-(U2-Pad11)")
    (add_net "Net-(U2-Pad12)")
    (add_net "Net-(U2-Pad13)")
    (add_net "Net-(U2-Pad14)")
    (add_net "Net-(U2-Pad16)")
    (add_net "Net-(U2-Pad17)")
    (add_net "Net-(U2-Pad18)")
    (add_net "Net-(U2-Pad2)")
    (add_net "Net-(U2-Pad21)")
    (add_net "Net-(U2-Pad22)")
    (add_net "Net-(U2-Pad23)")
    (add_net "Net-(U2-Pad24)")
    (add_net "Net-(U2-Pad25)")
    (add_net "Net-(U2-Pad26)")
    (add_net "Net-(U2-Pad27)")
    (add_net "Net-(U2-Pad3)")
    (add_net "Net-(U2-Pad4)")
    (add_net "Net-(U2-Pad5)")
    (add_net "Net-(U2-Pad6)")
    (add_net "Net-(U2-Pad7)")
    (add_net "Net-(U2-Pad8)")
    (add_net "Net-(U2-Pad9)")
    (add_net RLINEIN)
  )

  (module Capacitor_SMD:C_0603_1608Metric_Pad1.05x0.95mm_HandSolder (layer F.Cu) (tedit 5B301BBE) (tstamp 5C240AD1)
    (at 90.283 62.357)
    (descr "Capacitor SMD 0603 (1608 Metric), square (rectangular) end terminal, IPC_7351 nominal with elongated pad for handsoldering. (Body size source: http://www.tortai-tech.com/upload/download/2011102023233369053.pdf), generated with kicad-footprint-generator")
    (tags "capacitor handsolder")
    (path /5C178C7A)
    (attr smd)
    (fp_text reference C4 (at 0 -1.43) (layer F.SilkS)
      (effects (font (size 1 1) (thickness 0.15)))
    )
    (fp_text value 1u (at 0 1.43) (layer F.Fab)
      (effects (font (size 1 1) (thickness 0.15)))
    )
    (fp_text user %R (at 0 0) (layer F.Fab)
      (effects (font (size 0.4 0.4) (thickness 0.06)))
    )
    (fp_line (start 1.65 0.73) (end -1.65 0.73) (layer F.CrtYd) (width 0.05))
    (fp_line (start 1.65 -0.73) (end 1.65 0.73) (layer F.CrtYd) (width 0.05))
    (fp_line (start -1.65 -0.73) (end 1.65 -0.73) (layer F.CrtYd) (width 0.05))
    (fp_line (start -1.65 0.73) (end -1.65 -0.73) (layer F.CrtYd) (width 0.05))
    (fp_line (start -0.171267 0.51) (end 0.171267 0.51) (layer F.SilkS) (width 0.12))
    (fp_line (start -0.171267 -0.51) (end 0.171267 -0.51) (layer F.SilkS) (width 0.12))
    (fp_line (start 0.8 0.4) (end -0.8 0.4) (layer F.Fab) (width 0.1))
    (fp_line (start 0.8 -0.4) (end 0.8 0.4) (layer F.Fab) (width 0.1))
    (fp_line (start -0.8 -0.4) (end 0.8 -0.4) (layer F.Fab) (width 0.1))
    (fp_line (start -0.8 0.4) (end -0.8 -0.4) (layer F.Fab) (width 0.1))
    (pad 2 smd roundrect (at 0.875 0) (size 1.05 0.95) (layers F.Cu F.Paste F.Mask) (roundrect_rratio 0.25)
      (net 4 "Net-(C2-Pad1)"))
    (pad 1 smd roundrect (at -0.875 0) (size 1.05 0.95) (layers F.Cu F.Paste F.Mask) (roundrect_rratio 0.25)
      (net 96 LLINEIN))
    (model ${KISYS3DMOD}/Capacitor_SMD.3dshapes/C_0603_1608Metric.wrl
      (at (xyz 0 0 0))
      (scale (xyz 1 1 1))
      (rotate (xyz 0 0 0))
    )
  )

  (module Capacitor_SMD:C_0603_1608Metric_Pad1.05x0.95mm_HandSolder (layer F.Cu) (tedit 5B301BBE) (tstamp 5C240AC0)
    (at 90.297 64.008)
    (descr "Capacitor SMD 0603 (1608 Metric), square (rectangular) end terminal, IPC_7351 nominal with elongated pad for handsoldering. (Body size source: http://www.tortai-tech.com/upload/download/2011102023233369053.pdf), generated with kicad-footprint-generator")
    (tags "capacitor handsolder")
    (path /5C1791BB)
    (attr smd)
    (fp_text reference C3 (at 0 -1.43) (layer F.SilkS)
      (effects (font (size 1 1) (thickness 0.15)))
    )
    (fp_text value 1u (at 0 1.43) (layer F.Fab)
      (effects (font (size 1 1) (thickness 0.15)))
    )
    (fp_line (start -0.8 0.4) (end -0.8 -0.4) (layer F.Fab) (width 0.1))
    (fp_line (start -0.8 -0.4) (end 0.8 -0.4) (layer F.Fab) (width 0.1))
    (fp_line (start 0.8 -0.4) (end 0.8 0.4) (layer F.Fab) (width 0.1))
    (fp_line (start 0.8 0.4) (end -0.8 0.4) (layer F.Fab) (width 0.1))
    (fp_line (start -0.171267 -0.51) (end 0.171267 -0.51) (layer F.SilkS) (width 0.12))
    (fp_line (start -0.171267 0.51) (end 0.171267 0.51) (layer F.SilkS) (width 0.12))
    (fp_line (start -1.65 0.73) (end -1.65 -0.73) (layer F.CrtYd) (width 0.05))
    (fp_line (start -1.65 -0.73) (end 1.65 -0.73) (layer F.CrtYd) (width 0.05))
    (fp_line (start 1.65 -0.73) (end 1.65 0.73) (layer F.CrtYd) (width 0.05))
    (fp_line (start 1.65 0.73) (end -1.65 0.73) (layer F.CrtYd) (width 0.05))
    (fp_text user %R (at 0 0) (layer F.Fab)
      (effects (font (size 0.4 0.4) (thickness 0.06)))
    )
    (pad 1 smd roundrect (at -0.875 0) (size 1.05 0.95) (layers F.Cu F.Paste F.Mask) (roundrect_rratio 0.25)
      (net 95 RLINEIN))
    (pad 2 smd roundrect (at 0.875 0) (size 1.05 0.95) (layers F.Cu F.Paste F.Mask) (roundrect_rratio 0.25)
      (net 1 "Net-(C1-Pad1)"))
    (model ${KISYS3DMOD}/Capacitor_SMD.3dshapes/C_0603_1608Metric.wrl
      (at (xyz 0 0 0))
      (scale (xyz 1 1 1))
      (rotate (xyz 0 0 0))
    )
  )

  (module Capacitor_SMD:C_0603_1608Metric_Pad1.05x0.95mm_HandSolder (layer F.Cu) (tedit 5B301BBE) (tstamp 5C240AAF)
    (at 92.851 61.228 90)
    (descr "Capacitor SMD 0603 (1608 Metric), square (rectangular) end terminal, IPC_7351 nominal with elongated pad for handsoldering. (Body size source: http://www.tortai-tech.com/upload/download/2011102023233369053.pdf), generated with kicad-footprint-generator")
    (tags "capacitor handsolder")
    (path /5C178C08)
    (attr smd)
    (fp_text reference C2 (at 0 -1.43 90) (layer F.SilkS)
      (effects (font (size 1 1) (thickness 0.15)))
    )
    (fp_text value 47p (at 0 1.43 90) (layer F.Fab)
      (effects (font (size 1 1) (thickness 0.15)))
    )
    (fp_text user %R (at 0 0 90) (layer F.Fab)
      (effects (font (size 0.4 0.4) (thickness 0.06)))
    )
    (fp_line (start 1.65 0.73) (end -1.65 0.73) (layer F.CrtYd) (width 0.05))
    (fp_line (start 1.65 -0.73) (end 1.65 0.73) (layer F.CrtYd) (width 0.05))
    (fp_line (start -1.65 -0.73) (end 1.65 -0.73) (layer F.CrtYd) (width 0.05))
    (fp_line (start -1.65 0.73) (end -1.65 -0.73) (layer F.CrtYd) (width 0.05))
    (fp_line (start -0.171267 0.51) (end 0.171267 0.51) (layer F.SilkS) (width 0.12))
    (fp_line (start -0.171267 -0.51) (end 0.171267 -0.51) (layer F.SilkS) (width 0.12))
    (fp_line (start 0.8 0.4) (end -0.8 0.4) (layer F.Fab) (width 0.1))
    (fp_line (start 0.8 -0.4) (end 0.8 0.4) (layer F.Fab) (width 0.1))
    (fp_line (start -0.8 -0.4) (end 0.8 -0.4) (layer F.Fab) (width 0.1))
    (fp_line (start -0.8 0.4) (end -0.8 -0.4) (layer F.Fab) (width 0.1))
    (pad 2 smd roundrect (at 0.875 0 90) (size 1.05 0.95) (layers F.Cu F.Paste F.Mask) (roundrect_rratio 0.25)
      (net 5 GNDA))
    (pad 1 smd roundrect (at -0.875 0 90) (size 1.05 0.95) (layers F.Cu F.Paste F.Mask) (roundrect_rratio 0.25)
      (net 4 "Net-(C2-Pad1)"))
    (model ${KISYS3DMOD}/Capacitor_SMD.3dshapes/C_0603_1608Metric.wrl
      (at (xyz 0 0 0))
      (scale (xyz 1 1 1))
      (rotate (xyz 0 0 0))
    )
  )

  (module Capacitor_SMD:C_0603_1608Metric_Pad1.05x0.95mm_HandSolder (layer F.Cu) (tedit 5B301BBE) (tstamp 5C240A9E)
    (at 92.837 65.01 270)
    (descr "Capacitor SMD 0603 (1608 Metric), square (rectangular) end terminal, IPC_7351 nominal with elongated pad for handsoldering. (Body size source: http://www.tortai-tech.com/upload/download/2011102023233369053.pdf), generated with kicad-footprint-generator")
    (tags "capacitor handsolder")
    (path /5C1791B4)
    (attr smd)
    (fp_text reference C1 (at 0 -1.43 270) (layer F.SilkS)
      (effects (font (size 1 1) (thickness 0.15)))
    )
    (fp_text value 47p (at 0 1.43 270) (layer F.Fab)
      (effects (font (size 1 1) (thickness 0.15)))
    )
    (fp_line (start -0.8 0.4) (end -0.8 -0.4) (layer F.Fab) (width 0.1))
    (fp_line (start -0.8 -0.4) (end 0.8 -0.4) (layer F.Fab) (width 0.1))
    (fp_line (start 0.8 -0.4) (end 0.8 0.4) (layer F.Fab) (width 0.1))
    (fp_line (start 0.8 0.4) (end -0.8 0.4) (layer F.Fab) (width 0.1))
    (fp_line (start -0.171267 -0.51) (end 0.171267 -0.51) (layer F.SilkS) (width 0.12))
    (fp_line (start -0.171267 0.51) (end 0.171267 0.51) (layer F.SilkS) (width 0.12))
    (fp_line (start -1.65 0.73) (end -1.65 -0.73) (layer F.CrtYd) (width 0.05))
    (fp_line (start -1.65 -0.73) (end 1.65 -0.73) (layer F.CrtYd) (width 0.05))
    (fp_line (start 1.65 -0.73) (end 1.65 0.73) (layer F.CrtYd) (width 0.05))
    (fp_line (start 1.65 0.73) (end -1.65 0.73) (layer F.CrtYd) (width 0.05))
    (fp_text user %R (at 0 0 270) (layer F.Fab)
      (effects (font (size 0.4 0.4) (thickness 0.06)))
    )
    (pad 1 smd roundrect (at -0.875 0 270) (size 1.05 0.95) (layers F.Cu F.Paste F.Mask) (roundrect_rratio 0.25)
      (net 1 "Net-(C1-Pad1)"))
    (pad 2 smd roundrect (at 0.875 0 270) (size 1.05 0.95) (layers F.Cu F.Paste F.Mask) (roundrect_rratio 0.25)
      (net 5 GNDA))
    (model ${KISYS3DMOD}/Capacitor_SMD.3dshapes/C_0603_1608Metric.wrl
      (at (xyz 0 0 0))
      (scale (xyz 1 1 1))
      (rotate (xyz 0 0 0))
    )
  )

  (module Connector_Audio:Jack_3.5mm_CUI_SJ1-3533NG_Horizontal (layer F.Cu) (tedit 5BAD3514) (tstamp 5C240A8D)
    (at 62.945001 75.575001)
    (descr "TRS 3.5mm, horizontal, through-hole, https://www.cui.com/product/resource/sj1-353xng.pdf")
    (tags "TRS audio jack stereo horizontal")
    (path /5C1785C0)
    (fp_text reference J1 (at 0.1 -6.45) (layer F.SilkS)
      (effects (font (size 1 1) (thickness 0.15)))
    )
    (fp_text value AudioJack3_Ground (at 0.1 14.05) (layer F.Fab)
      (effects (font (size 1 1) (thickness 0.15)))
    )
    (fp_line (start -2.1 -5.2) (end 3.9 -5.2) (layer F.Fab) (width 0.1))
    (fp_line (start 3.9 -5.2) (end 3.9 -1.2) (layer F.Fab) (width 0.1))
    (fp_line (start 3.9 -1.2) (end 4.2 -1.2) (layer F.Fab) (width 0.1))
    (fp_line (start 4.2 -1.2) (end 4.2 12.8) (layer F.Fab) (width 0.1))
    (fp_line (start 4.2 12.8) (end -4 12.8) (layer F.Fab) (width 0.1))
    (fp_line (start -4 12.8) (end -4 -1.2) (layer F.Fab) (width 0.1))
    (fp_line (start -4 -1.2) (end -2.1 -1.2) (layer F.Fab) (width 0.1))
    (fp_line (start -2.1 -1.2) (end -2.1 -5.2) (layer F.Fab) (width 0.1))
    (fp_line (start -2.22 -5.32) (end 4.02 -5.32) (layer F.SilkS) (width 0.12))
    (fp_line (start 4.02 -5.32) (end 4.02 -1.32) (layer F.SilkS) (width 0.12))
    (fp_line (start 4.02 -1.32) (end 4.32 -1.32) (layer F.SilkS) (width 0.12))
    (fp_line (start 4.32 -1.32) (end 4.32 12.92) (layer F.SilkS) (width 0.12))
    (fp_line (start 4.32 12.92) (end -4.12 12.92) (layer F.SilkS) (width 0.12))
    (fp_line (start -4.12 12.92) (end -4.12 -1.32) (layer F.SilkS) (width 0.12))
    (fp_line (start -4.12 -1.32) (end -2.22 -1.32) (layer F.SilkS) (width 0.12))
    (fp_line (start -2.22 -1.32) (end -2.22 -5.32) (layer F.SilkS) (width 0.12))
    (fp_line (start -4.5 -5.7) (end -4.5 13.3) (layer F.CrtYd) (width 0.05))
    (fp_line (start -4.5 13.3) (end 4.7 13.3) (layer F.CrtYd) (width 0.05))
    (fp_line (start 4.7 13.3) (end 4.7 -5.7) (layer F.CrtYd) (width 0.05))
    (fp_line (start 4.7 -5.7) (end -4.5 -5.7) (layer F.CrtYd) (width 0.05))
    (fp_text user %R (at 0.1 3.8) (layer F.Fab)
      (effects (font (size 1 1) (thickness 0.15)))
    )
    (pad S thru_hole oval (at 0 0) (size 2.8 1.8) (drill oval 2 1) (layers *.Cu *.Mask)
      (net 5 GNDA))
    (pad T thru_hole oval (at 2 2.4) (size 2.8 1.8) (drill oval 2 1) (layers *.Cu *.Mask)
      (net 3 "Net-(J1-PadT)"))
    (pad R thru_hole oval (at 2 7.9) (size 2.8 1.8) (drill oval 2 1) (layers *.Cu *.Mask)
      (net 2 "Net-(J1-PadR)"))
    (model ${KISYS3DMOD}/Connector_Audio.3dshapes/Jack_3.5mm_CUI_SJ1-3533NG_Horizontal.wrl
      (at (xyz 0 0 0))
      (scale (xyz 1 1 1))
      (rotate (xyz 0 0 0))
    )
  )

  (module Package_QFP:LQFP-64_10x10mm_P0.5mm (layer F.Cu) (tedit 5A02F146) (tstamp 5C240E18)
    (at 72.263 61.214)
    (descr "64 LEAD LQFP 10x10mm (see MICREL LQFP10x10-64LD-PL-1.pdf)")
    (tags "QFP 0.5")
    (path /5C168323)
    (attr smd)
    (fp_text reference U1 (at 0 -7.2) (layer F.SilkS)
      (effects (font (size 1 1) (thickness 0.15)))
    )
    (fp_text value STM32F405RGTx (at 0 7.2) (layer F.Fab)
      (effects (font (size 1 1) (thickness 0.15)))
    )
    (fp_text user %R (at 0 0) (layer F.Fab)
      (effects (font (size 1 1) (thickness 0.15)))
    )
    (fp_line (start -4 -5) (end 5 -5) (layer F.Fab) (width 0.15))
    (fp_line (start 5 -5) (end 5 5) (layer F.Fab) (width 0.15))
    (fp_line (start 5 5) (end -5 5) (layer F.Fab) (width 0.15))
    (fp_line (start -5 5) (end -5 -4) (layer F.Fab) (width 0.15))
    (fp_line (start -5 -4) (end -4 -5) (layer F.Fab) (width 0.15))
    (fp_line (start -6.45 -6.45) (end -6.45 6.45) (layer F.CrtYd) (width 0.05))
    (fp_line (start 6.45 -6.45) (end 6.45 6.45) (layer F.CrtYd) (width 0.05))
    (fp_line (start -6.45 -6.45) (end 6.45 -6.45) (layer F.CrtYd) (width 0.05))
    (fp_line (start -6.45 6.45) (end 6.45 6.45) (layer F.CrtYd) (width 0.05))
    (fp_line (start -5.175 -5.175) (end -5.175 -4.175) (layer F.SilkS) (width 0.15))
    (fp_line (start 5.175 -5.175) (end 5.175 -4.1) (layer F.SilkS) (width 0.15))
    (fp_line (start 5.175 5.175) (end 5.175 4.1) (layer F.SilkS) (width 0.15))
    (fp_line (start -5.175 5.175) (end -5.175 4.1) (layer F.SilkS) (width 0.15))
    (fp_line (start -5.175 -5.175) (end -4.1 -5.175) (layer F.SilkS) (width 0.15))
    (fp_line (start -5.175 5.175) (end -4.1 5.175) (layer F.SilkS) (width 0.15))
    (fp_line (start 5.175 5.175) (end 4.1 5.175) (layer F.SilkS) (width 0.15))
    (fp_line (start 5.175 -5.175) (end 4.1 -5.175) (layer F.SilkS) (width 0.15))
    (fp_line (start -5.175 -4.175) (end -6.2 -4.175) (layer F.SilkS) (width 0.15))
    (pad 1 smd rect (at -5.7 -3.75) (size 1 0.25) (layers F.Cu F.Paste F.Mask)
      (net 31 "Net-(U1-Pad1)"))
    (pad 2 smd rect (at -5.7 -3.25) (size 1 0.25) (layers F.Cu F.Paste F.Mask)
      (net 32 "Net-(U1-Pad2)"))
    (pad 3 smd rect (at -5.7 -2.75) (size 1 0.25) (layers F.Cu F.Paste F.Mask)
      (net 33 "Net-(U1-Pad3)"))
    (pad 4 smd rect (at -5.7 -2.25) (size 1 0.25) (layers F.Cu F.Paste F.Mask)
      (net 34 "Net-(U1-Pad4)"))
    (pad 5 smd rect (at -5.7 -1.75) (size 1 0.25) (layers F.Cu F.Paste F.Mask)
      (net 35 "Net-(U1-Pad5)"))
    (pad 6 smd rect (at -5.7 -1.25) (size 1 0.25) (layers F.Cu F.Paste F.Mask)
      (net 36 "Net-(U1-Pad6)"))
    (pad 7 smd rect (at -5.7 -0.75) (size 1 0.25) (layers F.Cu F.Paste F.Mask)
      (net 37 "Net-(U1-Pad7)"))
    (pad 8 smd rect (at -5.7 -0.25) (size 1 0.25) (layers F.Cu F.Paste F.Mask)
      (net 38 "Net-(U1-Pad8)"))
    (pad 9 smd rect (at -5.7 0.25) (size 1 0.25) (layers F.Cu F.Paste F.Mask)
      (net 39 "Net-(U1-Pad9)"))
    (pad 10 smd rect (at -5.7 0.75) (size 1 0.25) (layers F.Cu F.Paste F.Mask)
      (net 40 "Net-(U1-Pad10)"))
    (pad 11 smd rect (at -5.7 1.25) (size 1 0.25) (layers F.Cu F.Paste F.Mask)
      (net 41 "Net-(U1-Pad11)"))
    (pad 12 smd rect (at -5.7 1.75) (size 1 0.25) (layers F.Cu F.Paste F.Mask)
      (net 42 "Net-(U1-Pad12)"))
    (pad 13 smd rect (at -5.7 2.25) (size 1 0.25) (layers F.Cu F.Paste F.Mask)
      (net 43 "Net-(U1-Pad13)"))
    (pad 14 smd rect (at -5.7 2.75) (size 1 0.25) (layers F.Cu F.Paste F.Mask)
      (net 44 "Net-(U1-Pad14)"))
    (pad 15 smd rect (at -5.7 3.25) (size 1 0.25) (layers F.Cu F.Paste F.Mask)
      (net 45 "Net-(U1-Pad15)"))
    (pad 16 smd rect (at -5.7 3.75) (size 1 0.25) (layers F.Cu F.Paste F.Mask)
      (net 46 "Net-(U1-Pad16)"))
    (pad 17 smd rect (at -3.75 5.7 90) (size 1 0.25) (layers F.Cu F.Paste F.Mask)
      (net 47 "Net-(U1-Pad17)"))
    (pad 18 smd rect (at -3.25 5.7 90) (size 1 0.25) (layers F.Cu F.Paste F.Mask)
      (net 48 "Net-(U1-Pad18)"))
    (pad 19 smd rect (at -2.75 5.7 90) (size 1 0.25) (layers F.Cu F.Paste F.Mask)
      (net 49 "Net-(U1-Pad19)"))
    (pad 20 smd rect (at -2.25 5.7 90) (size 1 0.25) (layers F.Cu F.Paste F.Mask)
      (net 50 "Net-(U1-Pad20)"))
    (pad 21 smd rect (at -1.75 5.7 90) (size 1 0.25) (layers F.Cu F.Paste F.Mask)
      (net 51 "Net-(U1-Pad21)"))
    (pad 22 smd rect (at -1.25 5.7 90) (size 1 0.25) (layers F.Cu F.Paste F.Mask)
      (net 52 "Net-(U1-Pad22)"))
    (pad 23 smd rect (at -0.75 5.7 90) (size 1 0.25) (layers F.Cu F.Paste F.Mask)
      (net 53 "Net-(U1-Pad23)"))
    (pad 24 smd rect (at -0.25 5.7 90) (size 1 0.25) (layers F.Cu F.Paste F.Mask)
      (net 54 "Net-(U1-Pad24)"))
    (pad 25 smd rect (at 0.25 5.7 90) (size 1 0.25) (layers F.Cu F.Paste F.Mask)
      (net 55 "Net-(U1-Pad25)"))
    (pad 26 smd rect (at 0.75 5.7 90) (size 1 0.25) (layers F.Cu F.Paste F.Mask)
      (net 56 "Net-(U1-Pad26)"))
    (pad 27 smd rect (at 1.25 5.7 90) (size 1 0.25) (layers F.Cu F.Paste F.Mask)
      (net 57 "Net-(U1-Pad27)"))
    (pad 28 smd rect (at 1.75 5.7 90) (size 1 0.25) (layers F.Cu F.Paste F.Mask)
      (net 58 "Net-(U1-Pad28)"))
    (pad 29 smd rect (at 2.25 5.7 90) (size 1 0.25) (layers F.Cu F.Paste F.Mask)
      (net 59 "Net-(U1-Pad29)"))
    (pad 30 smd rect (at 2.75 5.7 90) (size 1 0.25) (layers F.Cu F.Paste F.Mask)
      (net 60 "Net-(U1-Pad30)"))
    (pad 31 smd rect (at 3.25 5.7 90) (size 1 0.25) (layers F.Cu F.Paste F.Mask)
      (net 61 "Net-(U1-Pad31)"))
    (pad 32 smd rect (at 3.75 5.7 90) (size 1 0.25) (layers F.Cu F.Paste F.Mask)
      (net 62 "Net-(U1-Pad32)"))
    (pad 33 smd rect (at 5.7 3.75) (size 1 0.25) (layers F.Cu F.Paste F.Mask)
      (net 63 "Net-(U1-Pad33)"))
    (pad 34 smd rect (at 5.7 3.25) (size 1 0.25) (layers F.Cu F.Paste F.Mask)
      (net 64 "Net-(U1-Pad34)"))
    (pad 35 smd rect (at 5.7 2.75) (size 1 0.25) (layers F.Cu F.Paste F.Mask)
      (net 65 "Net-(U1-Pad35)"))
    (pad 36 smd rect (at 5.7 2.25) (size 1 0.25) (layers F.Cu F.Paste F.Mask)
      (net 66 "Net-(U1-Pad36)"))
    (pad 37 smd rect (at 5.7 1.75) (size 1 0.25) (layers F.Cu F.Paste F.Mask)
      (net 67 "Net-(U1-Pad37)"))
    (pad 38 smd rect (at 5.7 1.25) (size 1 0.25) (layers F.Cu F.Paste F.Mask)
      (net 68 "Net-(U1-Pad38)"))
    (pad 39 smd rect (at 5.7 0.75) (size 1 0.25) (layers F.Cu F.Paste F.Mask)
      (net 69 "Net-(U1-Pad39)"))
    (pad 40 smd rect (at 5.7 0.25) (size 1 0.25) (layers F.Cu F.Paste F.Mask)
      (net 70 "Net-(U1-Pad40)"))
    (pad 41 smd rect (at 5.7 -0.25) (size 1 0.25) (layers F.Cu F.Paste F.Mask)
      (net 71 "Net-(U1-Pad41)"))
    (pad 42 smd rect (at 5.7 -0.75) (size 1 0.25) (layers F.Cu F.Paste F.Mask)
      (net 72 "Net-(U1-Pad42)"))
    (pad 43 smd rect (at 5.7 -1.25) (size 1 0.25) (layers F.Cu F.Paste F.Mask)
      (net 73 "Net-(U1-Pad43)"))
    (pad 44 smd rect (at 5.7 -1.75) (size 1 0.25) (layers F.Cu F.Paste F.Mask)
      (net 74 "Net-(U1-Pad44)"))
    (pad 45 smd rect (at 5.7 -2.25) (size 1 0.25) (layers F.Cu F.Paste F.Mask)
      (net 75 "Net-(U1-Pad45)"))
    (pad 46 smd rect (at 5.7 -2.75) (size 1 0.25) (layers F.Cu F.Paste F.Mask)
      (net 76 "Net-(U1-Pad46)"))
    (pad 47 smd rect (at 5.7 -3.25) (size 1 0.25) (layers F.Cu F.Paste F.Mask)
      (net 77 "Net-(U1-Pad47)"))
    (pad 48 smd rect (at 5.7 -3.75) (size 1 0.25) (layers F.Cu F.Paste F.Mask)
      (net 78 "Net-(U1-Pad48)"))
    (pad 49 smd rect (at 3.75 -5.7 90) (size 1 0.25) (layers F.Cu F.Paste F.Mask)
      (net 79 "Net-(U1-Pad49)"))
    (pad 50 smd rect (at 3.25 -5.7 90) (size 1 0.25) (layers F.Cu F.Paste F.Mask)
      (net 80 "Net-(U1-Pad50)"))
    (pad 51 smd rect (at 2.75 -5.7 90) (size 1 0.25) (layers F.Cu F.Paste F.Mask)
      (net 81 "Net-(U1-Pad51)"))
    (pad 52 smd rect (at 2.25 -5.7 90) (size 1 0.25) (layers F.Cu F.Paste F.Mask)
      (net 82 "Net-(U1-Pad52)"))
    (pad 53 smd rect (at 1.75 -5.7 90) (size 1 0.25) (layers F.Cu F.Paste F.Mask)
      (net 83 "Net-(U1-Pad53)"))
    (pad 54 smd rect (at 1.25 -5.7 90) (size 1 0.25) (layers F.Cu F.Paste F.Mask)
      (net 84 "Net-(U1-Pad54)"))
    (pad 55 smd rect (at 0.75 -5.7 90) (size 1 0.25) (layers F.Cu F.Paste F.Mask)
      (net 85 "Net-(U1-Pad55)"))
    (pad 56 smd rect (at 0.25 -5.7 90) (size 1 0.25) (layers F.Cu F.Paste F.Mask)
      (net 86 "Net-(U1-Pad56)"))
    (pad 57 smd rect (at -0.25 -5.7 90) (size 1 0.25) (layers F.Cu F.Paste F.Mask)
      (net 87 "Net-(U1-Pad57)"))
    (pad 58 smd rect (at -0.75 -5.7 90) (size 1 0.25) (layers F.Cu F.Paste F.Mask)
      (net 88 "Net-(U1-Pad58)"))
    (pad 59 smd rect (at -1.25 -5.7 90) (size 1 0.25) (layers F.Cu F.Paste F.Mask)
      (net 89 "Net-(U1-Pad59)"))
    (pad 60 smd rect (at -1.75 -5.7 90) (size 1 0.25) (layers F.Cu F.Paste F.Mask)
      (net 90 "Net-(U1-Pad60)"))
    (pad 61 smd rect (at -2.25 -5.7 90) (size 1 0.25) (layers F.Cu F.Paste F.Mask)
      (net 91 "Net-(U1-Pad61)"))
    (pad 62 smd rect (at -2.75 -5.7 90) (size 1 0.25) (layers F.Cu F.Paste F.Mask)
      (net 92 "Net-(U1-Pad62)"))
    (pad 63 smd rect (at -3.25 -5.7 90) (size 1 0.25) (layers F.Cu F.Paste F.Mask)
      (net 93 "Net-(U1-Pad63)"))
    (pad 64 smd rect (at -3.75 -5.7 90) (size 1 0.25) (layers F.Cu F.Paste F.Mask)
      (net 94 "Net-(U1-Pad64)"))
    (model ${KISYS3DMOD}/Package_QFP.3dshapes/LQFP-64_10x10mm_P0.5mm.wrl
      (at (xyz 0 0 0))
      (scale (xyz 1 1 1))
      (rotate (xyz 0 0 0))
    )
  )

  (module Package_SO:TSSOP-28_4.4x9.7mm_P0.65mm (layer F.Cu) (tedit 5A02F25C) (tstamp 5C240A1A)
    (at 84.653 61.92)
    (descr "TSSOP28: plastic thin shrink small outline package; 28 leads; body width 4.4 mm; (see NXP SSOP-TSSOP-VSO-REFLOW.pdf and sot361-1_po.pdf)")
    (tags "SSOP 0.65")
    (path /5C16844C)
    (attr smd)
    (fp_text reference U2 (at 0 -5.9) (layer F.SilkS)
      (effects (font (size 1 1) (thickness 0.15)))
    )
    (fp_text value TLV320AIC23BPW (at 0 5.9) (layer F.Fab)
      (effects (font (size 1 1) (thickness 0.15)))
    )
    (fp_line (start -1.2 -4.85) (end 2.2 -4.85) (layer F.Fab) (width 0.15))
    (fp_line (start 2.2 -4.85) (end 2.2 4.85) (layer F.Fab) (width 0.15))
    (fp_line (start 2.2 4.85) (end -2.2 4.85) (layer F.Fab) (width 0.15))
    (fp_line (start -2.2 4.85) (end -2.2 -3.85) (layer F.Fab) (width 0.15))
    (fp_line (start -2.2 -3.85) (end -1.2 -4.85) (layer F.Fab) (width 0.15))
    (fp_line (start -3.65 -5.15) (end -3.65 5.15) (layer F.CrtYd) (width 0.05))
    (fp_line (start 3.65 -5.15) (end 3.65 5.15) (layer F.CrtYd) (width 0.05))
    (fp_line (start -3.65 -5.15) (end 3.65 -5.15) (layer F.CrtYd) (width 0.05))
    (fp_line (start -3.65 5.15) (end 3.65 5.15) (layer F.CrtYd) (width 0.05))
    (fp_line (start -2.325 -4.975) (end -2.325 -4.75) (layer F.SilkS) (width 0.15))
    (fp_line (start 2.325 -4.975) (end 2.325 -4.65) (layer F.SilkS) (width 0.15))
    (fp_line (start 2.325 4.975) (end 2.325 4.65) (layer F.SilkS) (width 0.15))
    (fp_line (start -2.325 4.975) (end -2.325 4.65) (layer F.SilkS) (width 0.15))
    (fp_line (start -2.325 -4.975) (end 2.325 -4.975) (layer F.SilkS) (width 0.15))
    (fp_line (start -2.325 4.975) (end 2.325 4.975) (layer F.SilkS) (width 0.15))
    (fp_line (start -2.325 -4.75) (end -3.4 -4.75) (layer F.SilkS) (width 0.15))
    (fp_text user %R (at 0 0) (layer F.Fab)
      (effects (font (size 0.8 0.8) (thickness 0.15)))
    )
    (pad 1 smd rect (at -2.85 -4.225) (size 1.1 0.4) (layers F.Cu F.Paste F.Mask)
      (net 6 "Net-(U2-Pad1)"))
    (pad 2 smd rect (at -2.85 -3.575) (size 1.1 0.4) (layers F.Cu F.Paste F.Mask)
      (net 7 "Net-(U2-Pad2)"))
    (pad 3 smd rect (at -2.85 -2.925) (size 1.1 0.4) (layers F.Cu F.Paste F.Mask)
      (net 8 "Net-(U2-Pad3)"))
    (pad 4 smd rect (at -2.85 -2.275) (size 1.1 0.4) (layers F.Cu F.Paste F.Mask)
      (net 9 "Net-(U2-Pad4)"))
    (pad 5 smd rect (at -2.85 -1.625) (size 1.1 0.4) (layers F.Cu F.Paste F.Mask)
      (net 10 "Net-(U2-Pad5)"))
    (pad 6 smd rect (at -2.85 -0.975) (size 1.1 0.4) (layers F.Cu F.Paste F.Mask)
      (net 11 "Net-(U2-Pad6)"))
    (pad 7 smd rect (at -2.85 -0.325) (size 1.1 0.4) (layers F.Cu F.Paste F.Mask)
      (net 12 "Net-(U2-Pad7)"))
    (pad 8 smd rect (at -2.85 0.325) (size 1.1 0.4) (layers F.Cu F.Paste F.Mask)
      (net 13 "Net-(U2-Pad8)"))
    (pad 9 smd rect (at -2.85 0.975) (size 1.1 0.4) (layers F.Cu F.Paste F.Mask)
      (net 14 "Net-(U2-Pad9)"))
    (pad 10 smd rect (at -2.85 1.625) (size 1.1 0.4) (layers F.Cu F.Paste F.Mask)
      (net 15 "Net-(U2-Pad10)"))
    (pad 11 smd rect (at -2.85 2.275) (size 1.1 0.4) (layers F.Cu F.Paste F.Mask)
      (net 16 "Net-(U2-Pad11)"))
    (pad 12 smd rect (at -2.85 2.925) (size 1.1 0.4) (layers F.Cu F.Paste F.Mask)
      (net 17 "Net-(U2-Pad12)"))
    (pad 13 smd rect (at -2.85 3.575) (size 1.1 0.4) (layers F.Cu F.Paste F.Mask)
      (net 18 "Net-(U2-Pad13)"))
    (pad 14 smd rect (at -2.85 4.225) (size 1.1 0.4) (layers F.Cu F.Paste F.Mask)
      (net 19 "Net-(U2-Pad14)"))
    (pad 15 smd rect (at 2.85 4.225) (size 1.1 0.4) (layers F.Cu F.Paste F.Mask)
      (net 5 GNDA))
    (pad 16 smd rect (at 2.85 3.575) (size 1.1 0.4) (layers F.Cu F.Paste F.Mask)
      (net 20 "Net-(U2-Pad16)"))
    (pad 17 smd rect (at 2.85 2.925) (size 1.1 0.4) (layers F.Cu F.Paste F.Mask)
      (net 21 "Net-(U2-Pad17)"))
    (pad 18 smd rect (at 2.85 2.275) (size 1.1 0.4) (layers F.Cu F.Paste F.Mask)
      (net 22 "Net-(U2-Pad18)"))
    (pad 19 smd rect (at 2.85 1.625) (size 1.1 0.4) (layers F.Cu F.Paste F.Mask)
      (net 95 RLINEIN))
    (pad 20 smd rect (at 2.85 0.975) (size 1.1 0.4) (layers F.Cu F.Paste F.Mask)
      (net 96 LLINEIN))
    (pad 21 smd rect (at 2.85 0.325) (size 1.1 0.4) (layers F.Cu F.Paste F.Mask)
      (net 23 "Net-(U2-Pad21)"))
    (pad 22 smd rect (at 2.85 -0.325) (size 1.1 0.4) (layers F.Cu F.Paste F.Mask)
      (net 24 "Net-(U2-Pad22)"))
    (pad 23 smd rect (at 2.85 -0.975) (size 1.1 0.4) (layers F.Cu F.Paste F.Mask)
      (net 25 "Net-(U2-Pad23)"))
    (pad 24 smd rect (at 2.85 -1.625) (size 1.1 0.4) (layers F.Cu F.Paste F.Mask)
      (net 26 "Net-(U2-Pad24)"))
    (pad 25 smd rect (at 2.85 -2.275) (size 1.1 0.4) (layers F.Cu F.Paste F.Mask)
      (net 27 "Net-(U2-Pad25)"))
    (pad 26 smd rect (at 2.85 -2.925) (size 1.1 0.4) (layers F.Cu F.Paste F.Mask)
      (net 28 "Net-(U2-Pad26)"))
    (pad 27 smd rect (at 2.85 -3.575) (size 1.1 0.4) (layers F.Cu F.Paste F.Mask)
      (net 29 "Net-(U2-Pad27)"))
    (pad 28 smd rect (at 2.85 -4.225) (size 1.1 0.4) (layers F.Cu F.Paste F.Mask)
      (net 30 GND))
    (model ${KISYS3DMOD}/Package_SO.3dshapes/TSSOP-28_4.4x9.7mm_P0.65mm.wrl
      (at (xyz 0 0 0))
      (scale (xyz 1 1 1))
      (rotate (xyz 0 0 0))
    )
  )

  (module Resistor_SMD:R_0603_1608Metric_Pad1.05x0.95mm_HandSolder (layer F.Cu) (tedit 5B301BBD) (tstamp 5C2409E9)
    (at 94.488 61.214 270)
    (descr "Resistor SMD 0603 (1608 Metric), square (rectangular) end terminal, IPC_7351 nominal with elongated pad for handsoldering. (Body size source: http://www.tortai-tech.com/upload/download/2011102023233369053.pdf), generated with kicad-footprint-generator")
    (tags "resistor handsolder")
    (path /5C178AB7)
    (attr smd)
    (fp_text reference R4 (at 0 -1.43 270) (layer F.SilkS)
      (effects (font (size 1 1) (thickness 0.15)))
    )
    (fp_text value 5k (at 0 1.43 270) (layer F.Fab)
      (effects (font (size 1 1) (thickness 0.15)))
    )
    (fp_text user %R (at 0 0 270) (layer F.Fab)
      (effects (font (size 0.4 0.4) (thickness 0.06)))
    )
    (fp_line (start 1.65 0.73) (end -1.65 0.73) (layer F.CrtYd) (width 0.05))
    (fp_line (start 1.65 -0.73) (end 1.65 0.73) (layer F.CrtYd) (width 0.05))
    (fp_line (start -1.65 -0.73) (end 1.65 -0.73) (layer F.CrtYd) (width 0.05))
    (fp_line (start -1.65 0.73) (end -1.65 -0.73) (layer F.CrtYd) (width 0.05))
    (fp_line (start -0.171267 0.51) (end 0.171267 0.51) (layer F.SilkS) (width 0.12))
    (fp_line (start -0.171267 -0.51) (end 0.171267 -0.51) (layer F.SilkS) (width 0.12))
    (fp_line (start 0.8 0.4) (end -0.8 0.4) (layer F.Fab) (width 0.1))
    (fp_line (start 0.8 -0.4) (end 0.8 0.4) (layer F.Fab) (width 0.1))
    (fp_line (start -0.8 -0.4) (end 0.8 -0.4) (layer F.Fab) (width 0.1))
    (fp_line (start -0.8 0.4) (end -0.8 -0.4) (layer F.Fab) (width 0.1))
    (pad 2 smd roundrect (at 0.875 0 270) (size 1.05 0.95) (layers F.Cu F.Paste F.Mask) (roundrect_rratio 0.25)
      (net 4 "Net-(C2-Pad1)"))
    (pad 1 smd roundrect (at -0.875 0 270) (size 1.05 0.95) (layers F.Cu F.Paste F.Mask) (roundrect_rratio 0.25)
      (net 5 GNDA))
    (model ${KISYS3DMOD}/Resistor_SMD.3dshapes/R_0603_1608Metric.wrl
      (at (xyz 0 0 0))
      (scale (xyz 1 1 1))
      (rotate (xyz 0 0 0))
    )
  )

  (module Resistor_SMD:R_0603_1608Metric_Pad1.05x0.95mm_HandSolder (layer F.Cu) (tedit 5B301BBD) (tstamp 5C24177E)
    (at 94.488 65.038 90)
    (descr "Resistor SMD 0603 (1608 Metric), square (rectangular) end terminal, IPC_7351 nominal with elongated pad for handsoldering. (Body size source: http://www.tortai-tech.com/upload/download/2011102023233369053.pdf), generated with kicad-footprint-generator")
    (tags "resistor handsolder")
    (path /5C1791AB)
    (attr smd)
    (fp_text reference R3 (at 0 -1.43 90) (layer F.SilkS)
      (effects (font (size 1 1) (thickness 0.15)))
    )
    (fp_text value 5k (at 0 1.43 90) (layer F.Fab)
      (effects (font (size 1 1) (thickness 0.15)))
    )
    (fp_line (start -0.8 0.4) (end -0.8 -0.4) (layer F.Fab) (width 0.1))
    (fp_line (start -0.8 -0.4) (end 0.8 -0.4) (layer F.Fab) (width 0.1))
    (fp_line (start 0.8 -0.4) (end 0.8 0.4) (layer F.Fab) (width 0.1))
    (fp_line (start 0.8 0.4) (end -0.8 0.4) (layer F.Fab) (width 0.1))
    (fp_line (start -0.171267 -0.51) (end 0.171267 -0.51) (layer F.SilkS) (width 0.12))
    (fp_line (start -0.171267 0.51) (end 0.171267 0.51) (layer F.SilkS) (width 0.12))
    (fp_line (start -1.65 0.73) (end -1.65 -0.73) (layer F.CrtYd) (width 0.05))
    (fp_line (start -1.65 -0.73) (end 1.65 -0.73) (layer F.CrtYd) (width 0.05))
    (fp_line (start 1.65 -0.73) (end 1.65 0.73) (layer F.CrtYd) (width 0.05))
    (fp_line (start 1.65 0.73) (end -1.65 0.73) (layer F.CrtYd) (width 0.05))
    (fp_text user %R (at 0 0 90) (layer F.Fab)
      (effects (font (size 0.4 0.4) (thickness 0.06)))
    )
    (pad 1 smd roundrect (at -0.875 0 90) (size 1.05 0.95) (layers F.Cu F.Paste F.Mask) (roundrect_rratio 0.25)
      (net 5 GNDA))
    (pad 2 smd roundrect (at 0.875 0 90) (size 1.05 0.95) (layers F.Cu F.Paste F.Mask) (roundrect_rratio 0.25)
      (net 1 "Net-(C1-Pad1)"))
    (model ${KISYS3DMOD}/Resistor_SMD.3dshapes/R_0603_1608Metric.wrl
      (at (xyz 0 0 0))
      (scale (xyz 1 1 1))
      (rotate (xyz 0 0 0))
    )
  )

  (module Resistor_SMD:R_0603_1608Metric_Pad1.05x0.95mm_HandSolder (layer F.Cu) (tedit 5B301BBD) (tstamp 5C2409C7)
    (at 97.014 62.357)
    (descr "Resistor SMD 0603 (1608 Metric), square (rectangular) end terminal, IPC_7351 nominal with elongated pad for handsoldering. (Body size source: http://www.tortai-tech.com/upload/download/2011102023233369053.pdf), generated with kicad-footprint-generator")
    (tags "resistor handsolder")
    (path /5C17897E)
    (attr smd)
    (fp_text reference R2 (at 0 -1.43) (layer F.SilkS)
      (effects (font (size 1 1) (thickness 0.15)))
    )
    (fp_text value 5k (at 0 1.43) (layer F.Fab)
      (effects (font (size 1 1) (thickness 0.15)))
    )
    (fp_text user %R (at 0 0) (layer F.Fab)
      (effects (font (size 0.4 0.4) (thickness 0.06)))
    )
    (fp_line (start 1.65 0.73) (end -1.65 0.73) (layer F.CrtYd) (width 0.05))
    (fp_line (start 1.65 -0.73) (end 1.65 0.73) (layer F.CrtYd) (width 0.05))
    (fp_line (start -1.65 -0.73) (end 1.65 -0.73) (layer F.CrtYd) (width 0.05))
    (fp_line (start -1.65 0.73) (end -1.65 -0.73) (layer F.CrtYd) (width 0.05))
    (fp_line (start -0.171267 0.51) (end 0.171267 0.51) (layer F.SilkS) (width 0.12))
    (fp_line (start -0.171267 -0.51) (end 0.171267 -0.51) (layer F.SilkS) (width 0.12))
    (fp_line (start 0.8 0.4) (end -0.8 0.4) (layer F.Fab) (width 0.1))
    (fp_line (start 0.8 -0.4) (end 0.8 0.4) (layer F.Fab) (width 0.1))
    (fp_line (start -0.8 -0.4) (end 0.8 -0.4) (layer F.Fab) (width 0.1))
    (fp_line (start -0.8 0.4) (end -0.8 -0.4) (layer F.Fab) (width 0.1))
    (pad 2 smd roundrect (at 0.875 0) (size 1.05 0.95) (layers F.Cu F.Paste F.Mask) (roundrect_rratio 0.25)
      (net 3 "Net-(J1-PadT)"))
    (pad 1 smd roundrect (at -0.875 0) (size 1.05 0.95) (layers F.Cu F.Paste F.Mask) (roundrect_rratio 0.25)
      (net 4 "Net-(C2-Pad1)"))
    (model ${KISYS3DMOD}/Resistor_SMD.3dshapes/R_0603_1608Metric.wrl
      (at (xyz 0 0 0))
      (scale (xyz 1 1 1))
      (rotate (xyz 0 0 0))
    )
  )

  (module Resistor_SMD:R_0603_1608Metric_Pad1.05x0.95mm_HandSolder (layer F.Cu) (tedit 5B301BBD) (tstamp 5C2409B6)
    (at 97.042 64.008)
    (descr "Resistor SMD 0603 (1608 Metric), square (rectangular) end terminal, IPC_7351 nominal with elongated pad for handsoldering. (Body size source: http://www.tortai-tech.com/upload/download/2011102023233369053.pdf), generated with kicad-footprint-generator")
    (tags "resistor handsolder")
    (path /5C1791A4)
    (attr smd)
    (fp_text reference R1 (at 0 -1.43) (layer F.SilkS)
      (effects (font (size 1 1) (thickness 0.15)))
    )
    (fp_text value 5k (at 0 1.43) (layer F.Fab)
      (effects (font (size 1 1) (thickness 0.15)))
    )
